86.3
160
41.0
70.5
112.5
40.5
111.0
157.0
17.0
112.5
224.0
112.0
18.0
4.0
17.0
4.5
163.0
38.0
112.5
281.0
70.0
20.0
41.0
70.5
112.5
40.5
111.0
157.0
17.0
112.5
224.0
112.0
18.0
4.0
17.0
4.5
163.0
38.0
112.5
281.0
70.0
20.0
41.0
70.5
112.5
40.5
111.0
157.0
17.0
112.5
224.0
112.0
18.0
4.0
17.0
4.5
163.0
38.0
112.5
281.0
70.0
20.0
41.0
70.5
112.5
40.5
111.0
157.0
17.0
112.5
224.0
112.0
18.0
4.0
17.0
4.5
163.0
38.0
112.5
281.0
70.0
20.0
41.0
70.5
112.5
40.5
111.0
157.0
17.0
112.5
224.0
112.0
18.0
4.0
17.0
4.5
163.0
38.0
112.5
281.0
70.0
20.0
41.0
70.5
112.5
40.5
111.0
157.0
17.0
112.5
224.0
112.0
18.0
4.0
17.0
4.5
163.0
38.0
112.5
281.0
70.0
20.0
41.0
70.5
112.5
40.5
111.0
157.0
17.0
112.5
224.0
112.0
18.0
4.0
17.0
4.5
163.0
38.0
112.5
281.0
70.0
20.0
41.0
70.5
112.5
40.5
111.0
157.0
17.0
112.5
224.0
112.0
18.0
4.0
17.0
4.5
163.0
38.0
112.5
281.0
70.0
20.0
